256
8 290 879 888 1000 1026 1475 1552 1817 
7 838 926 1279 1477 1719 1732 1741 
7 188 441 815 858 1072 1122 1551 
7 67 149 442 826 889 902 1224 
8 333 685 827 1001 1107 1159 1299 1826 
7 433 495 625 817 1458 1813 1815 
7 72 293 679 784 1198 1263 1615 
7 651 825 899 904 1200 1348 1819 
8 214 643 665 1041 1154 1209 1242 1696 
7 234 454 556 880 1099 1262 1484 
7 232 567 950 986 1040 1144 1806 
7 113 255 285 955 1185 1694 1718 
7 91 217 1492 1700 1792 1799 1811 
7 341 693 790 1157 1270 1378 1796 
7 193 194 1216 1328 1453 1812 1830 
7 555 640 666 768 1005 1738 1827 
8 138 339 458 504 839 1045 1654 1772 
7 82 545 805 1017 1283 1331 1653 
7 164 409 490 593 764 1285 1426 
7 70 133 314 1080 1230 1460 1730 
8 48 594 676 892 1212 1649 1706 1729 
7 502 508 891 1251 1361 1605 1728 
7 96 326 829 945 1139 1367 1652 
7 204 248 568 862 998 1190 1215 
8 328 522 745 988 1286 1669 1773 1783 
7 210 251 289 338 340 1476 1546 
7 816 962 1065 1136 1349 1503 1831 
7 81 108 566 570 1273 1362 1769 
7 507 613 767 1631 1648 1698 1784 
7 46 365 432 494 506 536 1207 
7 253 529 580 766 1146 1332 1695 
7 226 272 327 434 489 1192 1734 
8 583 634 1094 1201 1524 1537 1590 1777 
7 109 191 228 390 471 581 1324 
7 439 481 597 852 1051 1381 1726 
7 192 514 582 1790 1805 1807 1834 
8 54 796 914 1052 1057 1369 1704 1736 
7 171 296 399 448 711 1043 1502 
7 92 175 263 592 1089 1145 1541 
7 220 673 680 728 782 924 1740 
8 165 361 698 732 1138 1307 1634 1663 
7 315 329 401 808 1019 1077 1178 
7 80 718 1252 1670 1688 1765 1814 
7 117 376 801 936 1512 1569 1592 
7 269 491 627 1131 1473 1485 1825 
7 558 569 609 678 1265 1507 1535 
7 209 305 306 410 1058 1323 1647 
7 565 798 807 1022 1180 1483 1596 
8 431 520 864 1047 1118 1120 1184 1686 
7 268 352 354 416 743 1179 1375 
7 47 71 224 705 780 781 1685 
7 66 420 590 832 901 1266 1818 
7 100 256 947 1196 1561 1668 1681 
7 550 847 1039 1459 1464 1643 1676 
7 122 974 1032 1278 1487 1640 1739 
7 928 1124 1316 1517 1798 1802 1809 
8 335 369 771 989 1003 1182 1402 1562 
7 132 213 223 547 802 1002 1550 
7 101 111 608 1304 1372 1513 1770 
7 284 671 990 1066 1128 1250 1800 
7 205 405 438 933 1234 1557 1701 
7 174 239 762 920 958 1330 1448 
7 553 730 731 976 1081 1368 1614 
7 872 1205 1287 1386 1482 1610 1689 
8 4 63 99 131 320 492 576 868 
7 75 83 379 574 791 803 846 
7 653 975 1165 1210 1336 1708 1709 
7 610 636 639 1194 1246 1419 1530 
8 74 453 470 647 778 869 1086 1751 
7 59 343 632 867 946 1071 1651 
7 337 509 759 861 896 1410 1421 
7 198 402 591 996 1315 1597 1717 
8 774 1054 1123 1314 1333 1409 1556 1633 
7 180 656 704 729 821 948 1327 
7 841 854 932 1495 1508 1660 1662 
7 451 1388 1428 1455 1481 1580 1682 
7 577 700 1115 1125 1389 1636 1644 
7 153 159 323 488 1164 1203 1329 
7 1067 1127 1156 1345 1391 1452 1573 
7 103 860 1187 1193 1337 1341 1466 
8 227 635 694 797 957 1010 1012 1219 
7 130 404 408 882 1093 1379 1697 
7 85 197 373 578 1490 1496 1822 
7 119 835 1134 1189 1403 1444 1742 
8 73 531 1044 1188 1351 1462 1489 1639 
7 510 599 600 1084 1162 1338 1374 
7 53 84 199 1137 1148 1350 1787 
7 2 552 638 966 1023 1269 1461 
8 52 147 969 970 999 1355 1595 1748 
7 249 252 452 487 913 1038 1064 
7 172 196 691 1514 1603 1803 1820 
7 200 505 661 674 777 1570 1699 
7 313 330 435 548 1177 1432 1504 
7 598 604 740 895 1031 1222 1747 
7 195 549 1359 1360 1433 1478 1746 
7 118 776 865 883 1166 1443 1664 
8 229 398 542 779 1088 1415 1417 1450 
7 247 278 426 855 1308 1416 1774 
7 356 380 908 968 987 1006 1143 
7 267 464 621 851 1211 1582 1724 
8 236 853 900 1318 1393 1563 1645 1707 
7 482 727 772 844 906 944 1049 
7 169 394 463 1050 1213 1408 1624 
7 366 456 533 1235 1310 1311 1705 
8 98 503 710 795 1142 1233 1671 1680 
7 162 163 189 850 1048 1141 1440 
7 357 374 419 677 1437 1542 1581 
7 65 160 311 595 702 937 1414 
7 151 346 450 1206 1241 1683 1744 
7 820 843 903 959 1132 1347 1560 
7 60 334 606 753 910 1627 1646 
7 93 457 859 907 1083 1722 1804 
8 95 184 371 461 1018 1223 1463 1486 
7 79 170 364 1035 1126 1155 1628 
7 336 911 1042 1284 1346 1395 1566 
7 202 646 930 1191 1236 1418 1771 
7 64 270 579 1199 1423 1553 1626 
7 360 605 866 871 918 1105 1775 
7 689 749 1037 1079 1303 1342 1674 
7 388 444 612 963 1104 1382 1816 
8 55 415 535 652 739 1298 1427 1593 
7 207 250 264 551 775 972 1297 
7 145 436 623 792 921 922 1424 
7 150 427 912 1091 1289 1451 1491 
7 152 443 909 1344 1441 1743 1745 
7 370 484 573 831 1046 1294 1306 
7 208 265 1208 1505 1510 1617 1637 
7 128 146 178 721 722 919 1625 
8 238 318 459 527 584 1167 1392 1498 
7 348 449 546 1295 1312 1474 1622 
7 13 50 291 462 499 1371 1545 
7 89 183 836 881 1232 1399 1497 
8 230 475 563 630 981 1231 1244 1274 
7 144 181 620 642 788 1248 1373 
7 143 396 747 877 1147 1400 1754 
7 309 407 532 897 1059 1225 1763 
8 3 298 386 445 714 1140 1457 1756 
7 628 1025 1202 1229 1543 1618 1735 
7 351 984 1027 1240 1276 1499 1520 
7 190 422 659 696 1061 1288 1356 
7 11 142 280 467 641 717 814 
7 32 539 708 733 875 885 1575 
7 953 1221 1319 1431 1540 1725 1835 
7 231 1078 1090 1275 1436 1523 1577 
8 87 237 417 607 683 876 1390 1788 
7 139 140 368 982 1015 1264 1385 
7 1 14 116 203 282 406 1116 
7 20 299 460 513 1109 1320 1425 
8 7 358 719 943 1028 1519 1611 1703 
7 141 308 537 1013 1014 1239 1435 
7 34 38 155 412 684 1152 1339 
7 316 500 1053 1068 1340 1387 1438 
8 36 78 325 418 428 496 1082 1110 
7 43 245 297 317 840 967 1070 
7 0 35 367 887 1069 1217 1467 
7 76 498 789 828 1029 1096 1494 
7 120 137 497 585 586 856 857 
7 134 136 176 1097 1501 1526 1571 
7 6 30 177 235 799 1011 1554 
7 88 90 135 182 281 349 541 
8 601 663 724 890 1033 1249 1565 1586 
7 158 222 295 355 1060 1245 1702 
7 22 479 617 725 1121 1558 1764 
7 377 378 723 809 1009 1176 1357 
8 254 528 737 995 1277 1396 1471 1762 
7 455 720 1151 1572 1599 1733 1779 
7 218 241 411 521 525 540 1271 
7 618 1008 1256 1300 1420 1469 1832 
8 25 28 524 915 952 978 1160 1713 
7 324 757 810 1030 1384 1394 1714 
7 51 243 381 951 1261 1588 1823 
7 26 27 562 925 994 1259 1445 
7 512 692 765 787 1063 1655 1794 
7 447 645 965 1364 1638 1678 1824 
7 5 19 31 33 806 956 1024 
7 24 1016 1218 1255 1352 1574 1752 
8 980 1055 1173 1204 1258 1335 1757 1801 
7 221 424 544 657 979 1257 1723 
7 392 804 931 985 1056 1518 1737 
7 225 465 473 477 1334 1439 1793 
7 389 560 561 1468 1531 1635 1785 
7 275 991 1317 1454 1536 1594 1731 
7 559 616 619 785 1583 1691 1727 
7 476 1170 1406 1547 1657 1692 1750 
8 219 523 681 682 1161 1220 1282 1470 
7 437 715 770 992 1544 1656 1833 
7 215 286 538 611 660 1150 1401 
7 166 287 648 690 1589 1598 1619 
7 49 201 384 1119 1158 1465 1576 
7 126 662 837 1197 1366 1776 1786 
7 543 658 893 964 1149 1365 1411 
7 395 403 695 1004 1169 1309 1679 
8 259 350 485 1268 1533 1534 1548 1712 
7 156 391 423 706 773 1171 1675 
7 344 430 515 1108 1321 1600 1677 
7 273 818 1034 1172 1434 1591 1632 
8 97 633 760 823 884 1405 1616 1621 
7 246 763 819 1117 1130 1326 1711 
7 125 127 168 761 1272 1343 1658 
7 474 687 738 934 1290 1587 1753 
8 17 42 786 927 1363 1370 1446 1821 
7 105 266 288 375 1516 1549 1761 
7 534 686 1293 1480 1511 1521 1690 
7 631 688 713 961 1007 1305 1673 
7 18 21 167 572 983 1227 1407 
7 107 294 756 1456 1659 1672 1721 
7 486 845 1135 1267 1479 1579 1584 
7 23 425 480 519 1163 1226 1606 
8 518 712 744 1183 1412 1687 1720 1755 
7 276 629 699 973 1075 1168 1522 
7 240 493 917 977 1102 1383 1642 
7 279 557 670 734 741 1020 1106 
8 310 517 709 824 848 1301 1442 1810 
7 104 916 1076 1186 1296 1488 1564 
7 112 148 664 822 878 1585 1768 
7 56 849 1133 1422 1538 1760 1767 
8 77 292 649 1062 1568 1608 1620 1665 
7 110 244 716 971 1602 1749 1780 
7 703 746 1174 1607 1650 1684 1789 
7 86 468 530 644 1529 1623 1641 
7 121 185 735 813 942 1666 1808 
7 124 212 233 754 830 1153 1797 
7 44 129 870 1129 1175 1667 1693 
7 161 173 216 257 812 949 1181 
8 61 322 526 655 834 1506 1525 1778 
7 271 478 511 1472 1629 1630 1716 
7 57 359 501 668 863 1609 1613 
7 301 440 596 783 1087 1101 1322 
8 342 393 614 675 923 1195 1243 1281 
7 106 302 554 886 1021 1430 1567 
7 16 102 321 400 874 1397 1759 
7 114 211 587 615 929 1291 1493 
8 187 206 304 758 833 954 1260 1604 
7 157 261 303 363 1114 1377 1710 
7 300 332 1073 1098 1112 1353 1358 
7 45 115 242 262 602 898 905 
7 69 186 277 483 589 1238 1539 
7 575 588 736 1074 1280 1715 1781 
7 68 312 362 750 1113 1376 1559 
7 260 571 603 769 1085 1111 1237 
8 331 413 469 742 748 938 1228 1766 
7 62 516 842 997 1398 1429 1447 
7 8 10 12 29 650 1509 1791 
7 39 41 466 626 939 1302 1413 
7 414 564 707 894 1100 1325 1612 
7 701 755 940 1103 1354 1532 1555 
7 283 353 669 941 1036 1092 1380 
7 123 154 382 383 429 873 935 
8 15 307 372 726 811 1500 1515 1528 
7 319 345 622 751 752 1095 1795 
7 37 40 472 1214 1404 1828 1829 
7 58 94 397 654 667 793 1247 
7 385 697 794 1313 1527 1661 1758 
7 9 179 258 446 1253 1578 1601 
7 274 347 637 672 800 1292 1449 
7 387 421 624 960 993 1254 1782 
